10,3506967325287.000000
20,3507012378961.000000
30,3507012475960.000000
40,3507040415759.000000
20,3507040736756.000000
30,3507053613663.000000
40,3507059003624.000000
20,3507302143868.000000
30,3507302204868.000000
40,3507329063674.000000
20,3507356299477.000000
30,3507356355477.000000
40,3507390164233.000000
20,3507410516086.000000
30,3507410579085.000000
40,3507415920047.000000
20,3507480423581.000000
30,3507480485580.000000
40,3507520451292.000000
20,3507536133178.000000
30,3507540409148.000000
40,3507555980035.000000
20,3507600549713.000000
30,3507600612713.000000
40,3507605949674.000000
20,3507660445281.000000
30,3507660506280.000000
40,3507665841242.000000
20,3507740421703.000000
30,3507740484703.000000
40,3507745822664.000000
20,3507809741203.000000
30,3507809801202.000000
40,3507815239163.000000
20,3507850428909.000000
30,3507850488908.000000
40,3507855824870.000000
20,3507939233268.000000
30,3507939291267.000000
40,3507954322159.000000
20,3507970428042.000000
30,3507970490042.000000
40,3507975829003.000000
20,3508059781397.000000
30,3508059838397.000000
40,3508065274357.000000
20,3508130531886.000000
30,3508130595886.000000
40,3508135928847.000000
20,3508182733509.000000
30,3508182789509.000000
40,3508188123470.000000
20,3508250436020.000000
30,3508250497020.000000
40,3508255823981.000000
20,3508309195596.000000
30,3508309253596.000000
40,3508348057315.000000
20,3508369119163.000000
30,3508369180163.000000
40,3508374625124.000000
20,3508437292671.000000
30,3508437352671.000000
40,3508471144427.000000
20,3508499389223.000000
30,3508499445222.000000
40,3508504893183.000000
20,3508570453710.000000
30,3508570516709.000000
40,3508599730498.000000
20,3508630417277.000000
30,3508630480276.000000
40,3508635818238.000000
20,3508698985782.000000
30,3508699041781.000000
40,3508707419721.000000
20,3508759627344.000000
30,3508759689343.000000
40,3508810144979.000000
20,3508810451977.000000
30,3508819394912.000000
40,3508824912873.000000
20,3508879427479.000000
30,3508879483479.000000
40,3508915961215.000000
20,3508938716051.000000
30,3508938779051.000000
40,3508954363938.000000
20,3509007050558.000000
30,3509007112557.000000
40,3509026265419.000000
20,3509070500100.000000
30,3509070561099.000000
40,3509075902061.000000
20,3509124727708.000000
30,3509124784708.000000
40,3509169957382.000000
20,3509180407306.000000
30,3509189278242.000000
40,3509194859202.000000
20,3509250529800.000000
30,3509250590799.000000
40,3509255926761.000000
20,3509319358303.000000
30,3509319415303.000000
40,3509350148081.000000
20,3509369814939.000000
30,3509369876938.000000
40,3509375312899.000000
20,3509456867310.000000
30,3509456929310.000000
40,3509472421198.000000
20,3509510481923.000000
30,3509510541923.000000
40,3509515885884.000000
20,3509570426491.000000
30,3509570487490.000000
40,3509575827452.000000
20,3509610441202.000000
30,3509620572129.000000
40,3509625983090.000000
20,3509679960700.000000
30,3509698951563.000000
40,3509704476523.000000
20,3509750420191.000000
30,3509756800145.000000
40,3509774662016.000000
20,3509790768900.000000
30,3509830130616.000000
40,3509835544577.000000
20,3509880312254.000000
30,3509880823250.000000
40,3509886216211.000000
20,3509939515826.000000
30,3509958929686.000000
40,3509964533646.000000
20,3509990423459.000000
30,3509993278438.000000
40,3509998692399.000000
20,3510060427954.000000
30,3510060487953.000000
40,3510065827915.000000
20,3510128678461.000000
30,3510128740461.000000
40,3510144198349.000000
20,3510199132953.000000
30,3510199192952.000000
40,3510205547906.000000
20,3510250430582.000000
30,3510250491582.000000
40,3510255824543.000000
20,3510320429077.000000
30,3510320490077.000000
40,3510325824038.000000
20,3510380425644.000000
30,3510380486644.000000
40,3510385810605.000000
20,3510441219205.000000
30,3510441280205.000000
40,3510446620166.000000
20,3510519111643.000000
30,3510519170643.000000
40,3510525132600.000000
20,3510579543207.000000
30,3510579600207.000000
40,3510585042167.000000
20,3510648191712.000000
30,3510648254711.000000
40,3510654276668.000000
20,3510710536262.000000
30,3510710600261.000000
40,3510715935223.000000
20,3510769700835.000000
30,3510769757834.000000
40,3510779222766.000000
20,3510840579323.000000
30,3510840642323.000000
40,3510845981284.000000
20,3510899653897.000000
30,3510899711897.000000
40,3510905160857.000000
20,3510960442458.000000
30,3510960504458.000000
40,3510965841419.000000
20,3511021361019.000000
30,3511048953820.000000
40,3511065626699.000000
20,3511065914697.000000
30,3511087087544.000000
40,3511107361398.000000
20,3511107666396.000000
30,3511150662086.000000
40,3511156076047.000000
20,3511156363045.000000
30,3511228291525.000000
40,3511234415481.000000
20,3511234714479.000000
30,3511286651104.000000
40,3511302091993.000000
20,3511302395991.000000
30,3511339568722.000000
40,3511345069683.000000
20,3511345367681.000000
30,3511410105213.000000
40,3511415528174.000000
20,3511415814172.000000
30,3511452565907.000000
40,3511457972868.000000
20,3511497452583.000000
30,3511499258570.000000
40,3511504828530.000000
20,3511549577207.000000
30,3511570353057.000000
40,3511575748018.000000
20,3511606292798.000000
30,3511640149554.000000
40,3511645564515.000000
20,3511680428263.000000
30,3511702313105.000000
40,3511707726066.000000
20,3511746314788.000000
30,3511769171623.000000
40,3511774700583.000000
20,3511800400398.000000
30,3511818735265.000000
40,3511852864019.000000
20,3511865306929.000000
30,3511880140822.000000
40,3511885536783.000000
20,3511947432337.000000
30,3511947890333.000000
40,3511965400207.000000
20,3512000422954.000000
30,3512010672880.000000
40,3512016076841.000000
20,3512067791468.000000
30,3512080130379.000000
40,3512085535340.000000
20,3512122529073.000000
30,3512163037781.000000
40,3512168440742.000000
20,3512194747552.000000
30,3512200147513.000000
40,3512205564474.000000
20,3512270475006.000000
30,3512270536006.000000
40,3512307402740.000000
20,3512310428718.000000
30,3512320624644.000000
40,3512326030605.000000
20,3512390411141.000000
30,3512390473140.000000
40,3512395810102.000000
20,3512455553671.000000
30,3512455612670.000000
40,3512489419427.000000
20,3512519831207.000000
30,3512519894207.000000
40,3512525324168.000000
20,3512586750724.000000
30,3512586813724.000000
40,3512618025499.000000
20,3512637826356.000000
30,3512637883356.000000
40,3512653341244.000000
20,3512700803902.000000
30,3512700859901.000000
40,3512706191863.000000
20,3512752385530.000000
30,3512788447270.000000
40,3512798644196.000000
20,3512816754065.000000
30,3512829443974.000000
40,3512834945934.000000
20,3512900290463.000000
30,3512900351462.000000
40,3512905682424.000000
20,3512950427101.000000
30,3512950487101.000000
40,3512955815062.000000
20,3513020425596.000000
30,3513020486596.000000
40,3513061762298.000000
20,3513079754168.000000
30,3513079817168.000000
40,3513085368128.000000
20,3513150597657.000000
30,3513150659657.000000
40,3513155988618.000000
20,3513209294234.000000
30,3513209355234.000000
40,3513214805194.000000
20,3513281211715.000000
30,3513281268715.000000
40,3513319827437.000000
20,3513340404288.000000
30,3513340466288.000000
40,3513345951248.000000
20,3513408578797.000000
30,3513408640796.000000
40,3513450347495.000000
20,3513460441422.000000
30,3513469309358.000000
40,3513485650241.000000
20,3513542720829.000000
30,3513542778829.000000
40,3513548118790.000000
20,3513615732303.000000
30,3513615789302.000000
40,3513658513994.000000
20,3513660519980.000000
30,3513660580979.000000
40,3513665913941.000000
20,3513740420403.000000
30,3513740483403.000000
40,3513745819364.000000
20,3513802854953.000000
30,3513802916953.000000
40,3513850112612.000000
20,3513858487552.000000
30,3513860133540.000000
40,3513865529501.000000
20,3513890496321.000000
30,3513939781966.000000
40,3513945259926.000000
20,3513945551924.000000
30,3513998370543.000000
40,3514014172429.000000
20,3514014479427.000000
30,3514020214386.000000
40,3514025622347.000000
20,3514070422024.000000
30,3514088957890.000000
40,3514119400670.000000
20,3514119684668.000000
30,3514150142449.000000
40,3514155548410.000000
20,3514196425115.000000
30,3514196482114.000000
40,3514221962931.000000
20,3514230429870.000000
30,3514269045591.000000
40,3514298315380.000000
20,3514298624378.000000
30,3514340242078.000000
40,3514345668039.000000
20,3514364941900.000000
30,3514364997899.000000
40,3514419250508.000000
20,3514419547506.000000
30,3514460153213.000000
40,3514465576174.000000
20,3514486381024.000000
30,3514505420887.000000
40,3514551502554.000000
20,3514551780552.000000
30,3514566239448.000000
40,3514607643150.000000
20,3514607939147.000000
30,3514659173778.000000
40,3514687861571.000000
20,3514688167569.000000
30,3514695893513.000000
40,3514731588256.000000
20,3514731890254.000000
30,3514799085769.000000
40,3514836541499.000000
20,3514836849497.000000
30,3514858922338.000000
40,3514890259112.000000
20,3514890564110.000000
30,3514907007991.000000
40,3514932642806.000000
20,3514932947804.000000
30,3514998892329.000000
40,3515024011148.000000
20,3515024301146.000000
30,3515043628006.000000
40,3515049016967.000000
20,3515049303965.000000
30,3515148794248.000000
40,3515176186050.000000
20,3515176490048.000000
30,3515200159878.000000
40,3515205563839.000000
20,3515240471587.000000
30,3515270153373.000000
40,3515275576334.000000
20,3515275864332.000000
30,3515322636995.000000
40,3515328054955.000000
20,3515328341953.000000
30,3515373434628.000000
40,3515378825589.000000
20,3515379111587.000000
30,3515468063946.000000
40,3515498525726.000000
20,3515498820724.000000
30,3515530644495.000000
40,3515536063456.000000
20,3515536350454.000000
30,3515576613164.000000
40,3515620225849.000000
20,3515620533847.000000
30,3515662138547.000000
40,3515667550508.000000
20,3515667830506.000000
30,3515730193057.000000
40,3515776363724.000000
20,3515776656722.000000
30,3515800156552.000000
40,3515805569513.000000
20,3515805857511.000000
30,3515858317133.000000
40,3515876190004.000000
20,3515876488002.000000
30,3515930154615.000000
40,3515935567576.000000
20,3515935855574.000000
30,3516000152111.000000
40,3516012062025.000000
20,3516012367022.000000
30,3516073450582.000000
40,3516120199245.000000
20,3516120506243.000000
30,3516129435179.000000
40,3516150342028.000000
20,3516150654026.000000
30,3516199627673.000000
40,3516205110633.000000
20,3516230476450.000000
30,3516230538450.000000
40,3516235873411.000000
20,3516287159042.000000
30,3516287220041.000000
40,3516318698814.000000
20,3516350480585.000000
30,3516350543585.000000
40,3516355874546.000000
20,3516418315096.000000
30,3516418377096.000000
40,3516435875970.000000
20,3516492752560.000000
30,3516492812559.000000
40,3516498148521.000000
20,3516542819199.000000
30,3516542880198.000000
40,3516548221160.000000
20,3516590134858.000000
30,3516590195858.000000
40,3516595539819.000000
20,3516630944564.000000
30,3516690150137.000000
40,3516695559098.000000
20,3516695844096.000000
30,3516743169755.000000
40,3516748575716.000000
20,3516748862714.000000
30,3516820153200.000000
40,3516825574161.000000
20,3516825861159.000000
30,3516895898654.000000
40,3516907896568.000000
20,3516908198566.000000
30,3516952542246.000000
40,3516957962207.000000
20,3516958250205.000000
30,3517030156687.000000
40,3517035573648.000000
20,3517035862646.000000
30,3517095812214.000000
40,3517106273138.000000
20,3517106578136.000000
30,3517161107743.000000
40,3517166498704.000000
20,3517166787702.000000
30,3517209820392.000000
40,3517215299353.000000
20,3517215591350.000000
30,3517299611745.000000
40,3517349256387.000000
20,3517349561385.000000
30,3517358550320.000000
40,3517372424220.000000
20,3517372712218.000000
30,3517426878828.000000
40,3517478977452.000000
20,3517479271450.000000
30,3517479301450.000000
40,3517500946294.000000
20,3517501245292.000000
30,3517520659152.000000
40,3517526058113.000000
20,3517573677770.000000
30,3517573733770.000000
40,3517579064731.000000
20,3517639590295.000000
30,3517659837149.000000
40,3517694672898.000000
20,3517694982896.000000
30,3517710136787.000000
40,3517715535748.000000
20,3517745214534.000000
30,3517745274534.000000
40,3517775741314.000000
20,3517810430064.000000
30,3517810491064.000000
40,3517815830025.000000
20,3517870427632.000000
30,3517870488631.000000
40,3517875819593.000000
20,3517930401200.000000
30,3517930464199.000000
40,3517935803161.000000
20,3517992321754.000000
30,3518050125337.000000
40,3518055532298.000000
20,3518055820296.000000
30,3518118699843.000000
40,3518140116689.000000
20,3518140425686.000000
30,3518170159472.000000
40,3518175583433.000000
20,3518175872431.000000
30,3518240113968.000000
40,3518245509929.000000
20,3518245794927.000000
30,3518312554446.000000
40,3518317950407.000000
20,3518318234405.000000
30,3518368352044.000000
40,3518373892004.000000
20,3518374185002.000000
30,3518430150599.000000
40,3518435562560.000000
20,3518435849558.000000
30,3518506281050.000000
40,3518549521739.000000
20,3518549816737.000000
30,3518559676666.000000
40,3518565298625.000000
20,3518588543458.000000
30,3518640124086.000000
40,3518645535047.000000
20,3518645823045.000000
30,3518719088517.000000
40,3518750306293.000000
20,3518750622290.000000
30,3518769025158.000000
40,3518792510988.000000
20,3518792805986.000000
30,3518829855719.000000
40,3518835341680.000000
20,3518835637678.000000
30,3518900159213.000000
40,3518914372111.000000
20,3518914663109.000000
30,3518962489764.000000
40,3518967892725.000000
20,3518968178723.000000
30,3519000184492.000000
40,3519005614453.000000
20,3519005901451.000000
30,3519060162060.000000
40,3519065572021.000000
20,3519065856019.000000
30,3519122544611.000000
40,3519127957572.000000
20,3519128245570.000000
30,3519180266195.000000
40,3519185680156.000000
20,3519185968154.000000
30,3519249377697.000000
40,3519266948571.000000
20,3519267250569.000000
30,3519330152116.000000
40,3519335566077.000000
20,3519335854074.000000
30,3519392505666.000000
40,3519397918627.000000
20,3519398200625.000000
30,3519449670255.000000
40,3519455261214.000000
20,3519455564212.000000
30,3519530203675.000000
40,3519535621636.000000
20,3519535911633.000000
30,3519600271170.000000
40,3519605690131.000000
20,3519605980129.000000
30,3519658250752.000000
40,3519683469571.000000
20,3519683773569.000000
30,3519740323161.000000
40,3519762336003.000000
20,3519762640001.000000
30,3519792545785.000000
40,3519797964746.000000
20,3519798250744.000000
30,3519905089975.000000
40,3519922539849.000000
20,3519922821847.000000
30,3519922852847.000000
40,3519928176808.000000
20,3519977753451.000000
30,3519977812451.000000
40,3519995708322.000000
20,3520047143951.000000
30,3520047204951.000000
40,3520072777767.000000
20,3520073083765.000000
30,3520138848291.000000
40,3520169754068.000000
20,3520170136066.000000
30,3520190214921.000000
40,3520195640882.000000
20,3520220124706.000000
30,3520236858585.000000
40,3520263094396.000000
20,3520263397394.000000
30,3520328791923.000000
40,3520369774628.000000
20,3520370154625.000000
30,3520390155481.000000
40,3520395578442.000000
20,3520419910267.000000
30,3520450159049.000000
40,3520455567010.000000
20,3520476153862.000000
30,3520507074639.000000
40,3520542088387.000000
20,3520542391385.000000
30,3520580157113.000000
40,3520585566074.000000
20,3520600501966.000000
30,3520635268716.000000
40,3520680120393.000000
20,3520680413391.000000
30,3520728940042.000000
40,3520759522821.000000
20,3520759816819.000000
30,3520772655727.000000
40,3520778057688.000000
20,3520810430455.000000
30,3520810490454.000000
40,3520815831416.000000
20,3520852759150.000000
30,3520920160665.000000
40,3520925578626.000000
20,3520925864624.000000
30,3520976088262.000000
40,3520993555136.000000
20,3520993855134.000000
30,3521060143657.000000
40,3521079994514.000000
20,3521110573294.000000
30,3521110605293.000000
40,3521124882191.000000
20,3521125189188.000000
30,3521210151577.000000
40,3521254893254.000000
20,3521255188252.000000
30,3521278304086.000000
40,3521300196928.000000
20,3521300506926.000000
30,3521336999663.000000
40,3521361087490.000000
20,3521361389488.000000
30,3521399390214.000000
40,3521414970102.000000
20,3521415275100.000000
30,3521440252920.000000
40,3521445673881.000000
20,3521445957879.000000
30,3521530163272.000000
40,3521535580233.000000
20,3521535869231.000000
30,3521590127841.000000
40,3521595557802.000000
20,3521595846800.000000
30,3521670153265.000000
40,3521675574226.000000
20,3521675858224.000000
30,3521734121804.000000
40,3521739543765.000000
20,3521739832763.000000
30,3521777909489.000000
40,3521803525305.000000
20,3521803828302.000000
30,3521868812835.000000
40,3521900147609.000000
20,3521900462607.000000
30,3521919099473.000000
40,3521934441362.000000
20,3521934739360.000000
30,3522000152889.000000
40,3522006975840.000000
20,3522007277838.000000
30,3522070161385.000000
40,3522075585346.000000
20,3522075873344.000000
30,3522115299060.000000
40,3522160373736.000000
20,3522160684733.000000
30,3522200133449.000000
40,3522205539410.000000
20,3522205825408.000000
30,3522260383016.000000
40,3522265787977.000000
20,3522266071975.000000
30,3522340254441.000000
40,3522345668402.000000
20,3522345954400.000000
30,3522402558992.000000
40,3522407974953.000000
20,3522408261951.000000
30,3522470152506.000000
40,3522475576467.000000
20,3522475862464.000000
30,3522523059125.000000
40,3522528462086.000000
20,3522528750084.000000
30,3522586375669.000000
40,3522603944543.000000
20,3522604247540.000000
30,3522670153066.000000
40,3522675571027.000000
20,3522675856025.000000
30,3522749722493.000000
40,3522755205454.000000
20,3522755497452.000000
30,3522806723083.000000
40,3522855060735.000000
20,3522855369733.000000
30,3522870156627.000000
40,3522875568588.000000
20,3522890422481.000000
30,3522928283208.000000
40,3522943563098.000000
20,3522943868096.000000
30,3523018836556.000000
40,3523040143403.000000
20,3523040445401.000000
30,3523070251186.000000
40,3523075664147.000000
20,3523075952145.000000
30,3523140162683.000000
40,3523145581644.000000
20,3523145870642.000000
30,3523206934203.000000
40,3523241608953.000000
20,3523241890951.000000
30,3523270204747.000000
40,3523275627708.000000
20,3523275915706.000000
30,3523352593154.000000
40,3523358004115.000000
20,3523358291113.000000
30,3523409455745.000000
40,3523422301653.000000
20,3523422607650.000000
30,3523487350184.000000
40,3523496568118.000000
20,3523496870116.000000
30,3523546062762.000000
40,3523582475500.000000
20,3523582769498.000000
30,3523590213444.000000
40,3523595637405.000000
20,3523620413227.000000
30,3523650577010.000000
40,3523656000971.000000
20,3523686653750.000000
30,3523740155365.000000
40,3523745579326.000000
20,3523745865324.000000
30,3523792668987.000000
40,3523798089948.000000
20,3523798375946.000000
30,3523870242429.000000
40,3523875669390.000000
20,3523875959388.000000
30,3523932786979.000000
40,3523938188940.000000
20,3523938476938.000000
30,3524000142494.000000
40,3524021729339.000000
20,3524022032337.000000
30,3524070118991.000000
40,3524075535952.000000
20,3524075822950.000000
30,3524128606570.000000
40,3524136485513.000000
20,3524136782511.000000
30,3524208256997.000000
40,3524230179839.000000
20,3524230482837.000000
30,3524270149551.000000
40,3524275560513.000000
20,3524275845511.000000
30,3524320354190.000000
40,3524325837151.000000
20,3524350436974.000000
30,3524350499973.000000
40,3524355829935.000000
20,3524410430542.000000
30,3524468813122.000000
40,3524490353967.000000
20,3524490658965.000000
30,3524550175537.000000
40,3524555593498.000000
20,3524555879496.000000
30,3524600132177.000000
40,3524616051063.000000
20,3524616338061.000000
30,3524669247680.000000
40,3524674770640.000000
20,3524675057638.000000
30,3524682517585.000000
40,3524687910546.000000
20,3524739320176.000000
30,3524739376175.000000
40,3524745131134.000000
20,3524775267917.000000
30,3524828132537.000000
40,3524833649497.000000
20,3524833943495.000000
30,3524900161019.000000
40,3524905574980.000000
20,3524905864978.000000
30,3524962545570.000000
40,3524967945531.000000
20,3524968230529.000000
30,3525030201083.000000
40,3525035629044.000000
20,3525035916042.000000
30,3525092549635.000000
40,3525097958596.000000
20,3525098244594.000000
30,3525148527232.000000
40,3525178159019.000000
20,3525178464017.000000
30,3525240151573.000000
40,3525245566534.000000
20,3525245849532.000000
30,3525292538196.000000
40,3525297952157.000000
20,3525298238155.000000
30,3525344034825.000000
40,3525349434787.000000
20,3525349722784.000000
30,3525430164206.000000
40,3525435580167.000000
20,3525435868165.000000
30,3525499154709.000000
40,3525540246414.000000
20,3525540547412.000000
30,3525547154364.000000
40,3525572961179.000000
20,3525573257176.000000
30,3525630272766.000000
40,3525635692727.000000
20,3525635981725.000000
30,3525680613404.000000
40,3525686017365.000000
20,3525686303363.000000
30,3525790139616.000000
40,3525828115343.000000
20,3525828406341.000000
30,3525830137329.000000
40,3525835541290.000000
20,3525876228997.000000
30,3525900186825.000000
40,3525905578786.000000
20,3525905858784.000000
30,3525968838331.000000
40,3525989193185.000000
20,3525989479183.000000
30,3526010975028.000000
40,3526016626987.000000
20,3526059175681.000000
30,3526059232681.000000
40,3526074708570.000000
20,3526110427313.000000
30,3526168369896.000000
40,3526200136667.000000
20,3526200438665.000000
30,3526240358378.000000
40,3526260194235.000000
20,3526260498233.000000
30,3526286666045.000000
40,3526317893820.000000
20,3526318193818.000000
30,3526360156516.000000
40,3526365574477.000000
20,3526400428227.000000
30,3526400489226.000000
40,3526405818188.000000
20,3526440422939.000000
30,3526500126510.000000
40,3526505535471.000000
20,3526505823469.000000
30,3526570676002.000000
40,3526576065964.000000
20,3526576352962.000000
30,3526627698592.000000
40,3526662903339.000000
20,3526663200337.000000
30,3526681613205.000000
40,3526687004166.000000
20,3526720774923.000000
30,3526778751506.000000
40,3526788512436.000000
20,3526788798434.000000
30,3526842486048.000000
40,3526847904009.000000
20,3526848194007.000000
30,3526898913642.000000
40,3526916236517.000000
20,3526916544515.000000
30,3526930478415.000000
40,3526935862376.000000
20,3526982971038.000000
30,3527031777687.000000
40,3527037183648.000000
20,3527037470646.000000
30,3527112645105.000000
40,3527130242978.000000
20,3527130547976.000000
30,3527156697788.000000
40,3527191615537.000000
20,3527191921535.000000
30,3527200372474.000000
40,3527205761435.000000
20,3527256321072.000000
30,3527256379071.000000
40,3527284174872.000000
20,3527284472869.000000
30,3527349949399.000000
40,3527355435359.000000
20,3527355731357.000000
30,3527400374036.000000
40,3527405767997.000000
20,3527406055995.000000
30,3527510201246.000000
40,3527526140132.000000
20,3527526424130.000000
30,3527575820774.000000
40,3527589531676.000000
20,3527589835674.000000
30,3527620153456.000000
40,3527625563417.000000
20,3527625851415.000000
30,3527690152952.000000
40,3527695591913.000000
20,3527695879911.000000
30,3527750239520.000000
40,3527755663481.000000
20,3527755950479.000000
30,3527800152162.000000
40,3527805566123.000000
20,3527805853121.000000
30,3527914234341.000000
40,3527919636303.000000
20,3527919921300.000000
30,3527968845949.000000
40,3528000654720.000000
20,3528000954718.000000
30,3528035763468.000000
40,3528065341255.000000
20,3528065650253.000000
30,3528069752223.000000
40,3528075218184.000000
20,3528134857755.000000
30,3528158812583.000000
40,3528193502333.000000
20,3528193810331.000000
30,3528200554283.000000
40,3528205943244.000000
20,3528206228242.000000
30,3528290155639.000000
40,3528295579600.000000
20,3528295867598.000000
30,3528350153207.000000
40,3528355566168.000000
20,3528355849166.000000
30,3528400592845.000000
40,3528405995806.000000
20,3528406280804.000000
30,3528474981310.000000
40,3528502529112.000000
20,3528502825110.000000
30,3528568883635.000000
40,3528601307402.000000
20,3528601595400.000000
30,3528638961131.000000
40,3528667147928.000000
20,3528667459926.000000
30,3528690187763.000000
40,3528729892477.000000
20,3528730275475.000000
30,3528731148468.000000
40,3528736535430.000000
20,3528765581221.000000
30,3528840151685.000000
40,3528865219505.000000
20,3528865513503.000000
30,3528866400496.000000
40,3528908347195.000000
20,3528908648193.000000
30,3528960293821.000000
40,3528965729782.000000
20,3528966018780.000000
30,3529003638510.000000
40,3529009040471.000000
20,3529009328469.000000
30,3529092472871.000000
40,3529097876832.000000
20,3529098161830.000000
30,3529150350455.000000
40,3529155741416.000000
20,3529156026414.000000
30,3529239721813.000000
40,3529255526699.000000
20,3529255834697.000000
30,3529280242521.000000
40,3529285665482.000000
20,3529285954480.000000
30,3529342462074.000000
40,3529347863035.000000
20,3529348149033.000000
30,3529439663376.000000
40,3529460177228.000000
20,3529460470226.000000
30,3529468588168.000000
40,3529522950777.000000
20,3529523256775.000000
30,3529540204653.000000
40,3529545624614.000000
20,3529580438364.000000
30,3529610151150.000000
40,3529615569111.000000
20,3529636293962.000000
30,3529672064705.000000
40,3529677478666.000000
20,3529690593572.000000
30,3529720218359.000000
40,3529725646320.000000
20,3529760491070.000000
30,3529760553069.000000
40,3529765893031.000000
20,3529820930636.000000
30,3529840329496.000000
40,3529845741457.000000
20,3529881695199.000000
30,3529881758198.000000
40,3529887097160.000000
20,3529930426849.000000
30,3529930488848.000000
40,3529935820810.000000
20,3529982696473.000000
30,3529982754473.000000
40,3529988091434.000000
20,3530060583913.000000
30,3530120221485.000000
40,3530125636446.000000
20,3530125923444.000000
30,3530190139982.000000
40,3530195543943.000000
20,3530195830941.000000
30,3530270211407.000000
40,3530275625368.000000
20,3530275915366.000000
30,3530345081869.000000
40,3530392804526.000000
20,3530393103524.000000
30,3530410139401.000000
40,3530415559362.000000
20,3530450507111.000000
30,3530460696038.000000
40,3530466095999.000000
20,3530512792663.000000
30,3530512851663.000000
40,3530518187625.000000
20,3530566262279.000000
30,3530566320279.000000
40,3530594022080.000000
20,3530619649896.000000
30,3530619705895.000000
40,3530635181784.000000
20,3530708089260.000000
30,3530740221029.000000
40,3530745639990.000000
20,3530770498812.000000
30,3530770560811.000000
40,3530775890773.000000
20,3530853051219.000000
30,3530889391958.000000
40,3530934010637.000000
20,3530934311635.000000
30,3530959077457.000000
40,3531002630144.000000
20,3531003189140.000000
30,3531010202090.000000
40,3531015621051.000000
20,3531081571577.000000
30,3531081629576.000000
40,3531086964538.000000
20,3531140572153.000000
30,3531140635152.000000
40,3531145966114.000000
20,3531210509650.000000
30,3531210571650.000000
40,3531215914611.000000
20,3531290500076.000000
30,3531290563075.000000
40,3531295897037.000000
20,3531350484645.000000
30,3531350547644.000000
40,3531355870606.000000
20,3531420496142.000000
30,3531459048865.000000
40,3531491376632.000000
20,3531491666630.000000
30,3531506981520.000000
40,3531552559193.000000
20,3531552851191.000000
30,3531599497856.000000
40,3531637667581.000000
20,3531637970579.000000
30,3531659097428.000000
40,3531690144204.000000
20,3531690454202.000000
30,3531718956998.000000
40,3531770216629.000000
20,3531770523627.000000
30,3531790224486.000000
40,3531795629447.000000
20,3531818562282.000000
30,3531818618282.000000
40,3531853835029.000000
20,3531901520686.000000
30,3531901582686.000000
40,3531906921647.000000
20,3531960521262.000000
30,3532028270776.000000
40,3532080321402.000000
20,3532080628399.000000
30,3532089513336.000000
40,3532111127180.000000
20,3532120480113.000000
30,3532148966909.000000
40,3532192957593.000000
20,3532200532538.000000
30,3532220152397.000000
40,3532225575358.000000
20,3532284166937.000000
30,3532284227937.000000
40,3532289558899.000000
20,3532368782329.000000
30,3532368838329.000000
40,3532394360146.000000
20,3532438666827.000000
30,3532439131824.000000
40,3532471050595.000000
20,3532506363341.000000
30,3532523166221.000000
40,3532528569182.000000
20,3532610538593.000000
30,3532610601593.000000
40,3532615940554.000000
20,3532679112101.000000
30,3532679168100.000000
40,3532719276812.000000
20,3532727035756.000000
30,3532730177734.000000
40,3532735587695.000000
20,3532780457373.000000
30,3532780519372.000000
40,3532785855334.000000
20,3532850448870.000000
30,3532860137800.000000
40,3532865535762.000000
20,3532892654567.000000
30,3532918315383.000000
40,3532950229153.000000
20,3532950539151.000000
30,3532970151010.000000
40,3532975572971.000000
20,3533030391578.000000
30,3533040226507.000000
40,3533045653468.000000
20,3533097597095.000000
30,3533097655095.000000
40,3533121357924.000000
20,3533149760720.000000
30,3533173704548.000000
40,3533179122509.000000
20,3533226824167.000000
30,3533226885166.000000
40,3533266178884.000000
20,3533266471882.000000
30,3533296308668.000000
40,3533334524393.000000
20,3533334829391.000000
30,3533346433308.000000
40,3533376891089.000000
20,3533388932003.000000
30,3533430154707.000000
40,3533435565668.000000
20,3533460408489.000000
30,3533460469489.000000
40,3533465815450.000000
20,3533509091140.000000
30,3533570154701.000000
40,3533575577662.000000
20,3533575863660.000000
30,3533645647159.000000
40,3533680218911.000000
20,3533680531909.000000
30,3533691664829.000000
40,3533697087790.000000
20,3533748698419.000000
30,3533748757419.000000
40,3533790403120.000000
20,3533800577047.000000
30,3533868665558.000000
40,3533896693357.000000
20,3533896997354.000000
30,3533916425215.000000
40,3533964832867.000000
20,3533965121865.000000
30,3534001278606.000000
40,3534006669567.000000
20,3534043040306.000000
30,3534120180752.000000
40,3534125607713.000000
20,3534125893711.000000
30,3534172311377.000000
40,3534177716339.000000
20,3534178002337.000000
30,3534262520730.000000
40,3534267930691.000000
20,3534268215689.000000
30,3534340224172.000000
40,3534345647133.000000
20,3534345936131.000000
30,3534419108605.000000
40,3534452601365.000000
20,3534452911363.000000
30,3534480226167.000000
40,3534485647128.000000
20,3534518634891.000000
30,3534552822645.000000
40,3534558266606.000000
20,3534590850372.000000
30,3534662285860.000000
40,3534667707821.000000
20,3534667991819.000000
30,3534740149301.000000
40,3534757027179.000000
20,3534757316177.000000
30,3534807738815.000000
40,3534837418602.000000
20,3534837719600.000000
30,3534838227596.000000
40,3534855782470.000000
20,3534906389107.000000
30,3534906445107.000000
40,3534934311907.000000
20,3534934610905.000000
30,3535010210362.000000
40,3535015636323.000000
20,3535015925321.000000
30,3535067568950.000000
40,3535103168694.000000
20,3535103475692.000000
30,3535178887151.000000
40,3535211987913.000000
20,3535212274911.000000
30,3535257865584.000000
40,3535269616500.000000
20,3535269919497.000000
30,3535326467091.000000
40,3535374386747.000000
20,3535374692745.000000
30,3535398937571.000000
40,3535430283346.000000
20,3535430598344.000000
30,3535442558258.000000
40,3535447948219.000000
20,3535484729955.000000
30,3535550189485.000000
40,3535555600447.000000
20,3535555888445.000000
30,3535628922920.000000
40,3535650143768.000000
20,3535650446766.000000
30,3535700271408.000000
40,3535705694369.000000
20,3535705978367.000000
30,3535767677924.000000
40,3535793345740.000000
20,3535793651738.000000
30,3535850150333.000000
40,3535855559294.000000
20,3535855845292.000000
30,3535912693884.000000
40,3535918113845.000000
20,3535918401843.000000
30,3536003661231.000000
